idx1,idx2,t_x,t_y,t_z,q_w,q_x,q_y,q_z
643,456,-4.3284934319736,-5.76281697543767,-0.74519599142,0.999709198802746,0.0168596885066202,0.000616225985072419,-0.0172304671488069
0,456,1.504544353007077,1.5024437848696834,0.5698288519872676,-0.5534754025621083,0.0018233044947942696,-0.006963583066656639,0.8328344150131558
645,189,-0.46419055579554963,4.013931403900585,0.3828869520411544,0.7634708018600185,0.00269435178455552,0.010404627401734399,0.6457529085527316
2,458,-5.049650123630272,-1.2845680862956215,-0.39846670401823303,0.8982447267770645,-0.005318163246306688,0.0016590164017443443,-0.4394603231481329
189,270,-4.936127523132029,-0.19337512329753842,-0.27130235451996043,-0.011970158828000276,-0.016700083291364735,0.009405913529607577,0.9997446430495976
646,189,0.26689515831653576,2.7553952373493704,-0.059270879056192605,0.7439926302316251,0.009261769468357132,-0.00843572133797169,-0.6680703738326161
3,273,1.0569981908192858,-3.299832222983241,4.65854323669646,0.9578838903380331,0.0007768709337658586,0.0066341243341898675,0.28707810347838386
189,273,4.910009361454286,0.023388691110767468,-1.4302422838154598,0.6819049135059464,-0.011747939237548313,-0.0035384908879995875,0.7313379204870716
273,458,-4.111480078747263,2.5761759219458327,0.39005754943900683,0.9881186666239683,-0.025889512678070613,0.05955490464704025,-0.1392998461414976
647,635,-3.9023867803625762,0.9143035489323665,-0.6298609907419177,0.998183923529319,-0.04767146810707496,-0.015917552359129013,-0.033210201189169876
179,192,1.6805592214379246,2.814719728328595,-1.5024807804965545,0.917482220452866,-0.024521011324523296,0.00548569571795978,0.396982370262196
191,635,-2.672809215979214,3.0423101932392456,-1.2332434284478495,0.9201060844416649,-0.0560376820275375,0.005863917215101013,-0.3875953896027441
459,635,-0.3515406393231615,4.53603087933152,-0.5248518754974612,0.8038820594972228,-0.04344131291994699,-0.0064186479269888715,-0.5931654808812497
648,461,-9.308282047772082,-8.38421157670382,-3.005471661714182,0.1046914006607451,0.9746460607097595,-0.03624643266848475,0.1943989791368465
191,274,-3.3223475444465294,0.9212291975709377,-0.7062529707436624,0.8855777575490436,-0.01390746120863917,0.012354914396710902,-0.464118491279315
649,178,-10.548058381536976,1.723410093293296,13.588302115021179,0.010428618441193705,0.0009295253905782213,0.9997696451541622,-0.018735968837422685
6,178,-1.988733711070381,-3.584027893957682,-3.576072528685472,0.999830563221696,0.005796941729348354,0.0031844715771102046,0.01717845904460523
7,178,7.437400756723946,-2.247344633564353,-0.23877936194185168,0.9998949714698531,-0.001634090389487194,-0.014385244366523869,0.0006637186270814846
177,274,-2.224506365135312,1.1378724748792592,2.3856926979351556,0.9787089985778392,-0.028805485823934836,0.060973188353744504,-0.19385873823789554
192,446,-8.510519872419536,-4.008131361333653,2.914736835635267,-0.22926587492075567,0.1335853050581529,0.9533558028259316,0.1438917582332776
275,462,-0.36826456166090793,2.4214458723872667,-0.19578772682575618,0.8472744999234647,0.013775548199596888,-0.014637912074352005,0.530774799308847
650,177,-5.4061984261497855,-0.6686914194724523,2.567345232022035,-0.14202579621814915,0.05940831021479528,0.9862595153383321,0.05992907717145303
8,193,-2.8002937575802207,4.221912928698401,-12.179824320814532,-0.36345697504521884,-0.13624407069266653,0.8711862324410411,-0.30061791180376346
177,463,-1.618926239742997,-3.843779229862145,-0.5903802196860846,0.6867191270069757,-0.0035839747804195785,0.019399217637133866,0.7266551218305817
275,633,4.015939495856666,-1.1741292513407764,1.3663759904579758,0.7868606533480141,-0.014148679112345233,0.034100615250433675,-0.6160253851357541
651,9,2.5032119574025273,-0.7456752648977272,-0.2465590504523334,0.9962131204542656,0.007157895413733226,0.0066776111025711096,-0.08639208689448186
9,176,-2.678336826618761,-2.331600056553725,-0.5974981306853806,0.19120325804076763,-0.012253758616838665,-0.04301225608183786,0.9805310323192767
176,276,2.349925531540066,-2.414641033279622,0.48481390460028706,0.9990335359892789,-0.00307799572007811,-0.0025100517900211766,0.04377464507128145
195,445,5.604656006908044,-0.767616506840568,-0.7976700959966365,0.47243681436367335,-0.009683245510509182,0.044730209290628827,0.8801754936188032
277,464,3.0480022311629424,0.7577978906097793,0.9533520193350484,0.9478738302673005,0.0059375659486978535,-0.0105633572622407,0.31841539329679397
652,175,-6.460906549696012,1.379549329031878,7.248557803246131,-0.19310055938441398,0.10299025325288745,0.9397300435207071,0.26270254472483195
9,196,1.6788901684378388,-1.06740973182408,-0.07322229403760705,0.6159585660052257,-0.00534462912080822,0.0002869506032033603,0.7877603681092992
176,196,-4.560574975970667,-2.333708846155787,-1.885780762997456,0.8855435708776683,0.050538110276312366,0.025818153990935233,-0.4610768985878903
277,465,2.1063304967019576,3.758873437795046,-0.4706093248265688,-0.025060253405971837,0.05462837668056413,0.9827233680669119,-0.17505001004198725
653,278,-2.4811884838370712,-1.505115795163249,-0.18393472638075714,0.995121090696544,0.0045048917873825554,0.00018821612994271214,0.098558030497738
11,279,-0.04966201745802745,3.8087887588020566,0.19582799681259244,-0.5020547593319324,4.4585808562909594e-05,0.0011248254094507603,0.8648351007053653
174,466,-4.162633011001162,2.2732356233755127,-0.10082868446460225,-0.032031166972159256,-0.045518767364481585,-0.023024608648619816,0.9981843084103245
278,442,4.970397582079229,-1.2489841389058967,-0.327708978496446,0.2816942465604525,0.006792442080167547,-0.017596471798325016,0.9593188095547681
465,630,2.9864790196643907,-0.10967853974684161,0.6486189254450694,0.7823422753529818,0.0118897201590756,0.017910970690411875,0.6224776268099804
654,467,2.6643845753278583,-1.6622892687882995,2.272019196392648,0.9376386359442119,0.022468521107045218,-0.007029743859324716,-0.346813403208717
12,442,-6.80884246533077,-0.5291379641798457,-1.1687686176328729,0.7024440356395987,0.007475955857611469,-0.010746238284207243,0.7116185812927514
197,442,-3.568650747675265,0.06717972417893259,-0.011503040990099578,0.9945020881288362,-0.01657591238516928,-0.017209313883954417,-0.10195428069300073
442,467,1.210870385402743,-4.421513073153822,-0.19303308815053355,-0.3740095668181961,0.010925297599532424,-0.04985474952221913,0.9260194305471693
655,467,-1.097696825546184,-1.2290853594151951,-0.07470987004715643,-0.12136027963664811,0.007018062434063685,0.005673639555679976,0.992567498531147
172,281,0.1130087928732415,-2.3203060621183793,-0.16084069578139312,0.9782101388691329,0.031827002481370915,0.0044043148250359175,-0.2051159870356393
199,468,-3.754969869553271,2.260533812150875,-0.20372673816828146,0.9689414050043353,0.000869249384368283,-0.011242450572040942,0.24703320703676157
656,468,-1.947307224451059,0.17912145064180526,-0.11300591987725106,0.8983247951189008,0.006287225882050819,0.00517384490220749,0.43925649066828937
200,282,1.8115798950696842,-0.36164422783982264,0.08681183034572193,0.7223764457933645,0.0003567958347627816,0.007787991231152673,-0.691456065453375
13,201,1.5581083330325782,2.61950741824694,-0.8440013154140615,0.0019111090462591432,0.017944810696641555,-0.00483897207867207,0.9998254426551151
201,282,1.71899242018183,3.8137060323786427,-1.4521489131346799,0.09749657956573017,-0.03438231973290317,0.010297957649867996,0.9945884702383239
658,470,1.3738480724114375,0.8106982419781659,-0.13809476154445335,0.2723592389139688,-0.002754962828245306,-0.002106738133775643,0.9621893871855242
16,470,-3.808119102243836,3.956369500281653,-0.4609995828655542,0.626873537577085,0.012077635474715872,-0.03627740073170715,0.7781822722235981
659,17,2.2388378444011323,-0.42373015794873936,-0.177926103635329,0.9984957903366641,0.04357688399037054,-0.015347455700393427,-0.02952401505849909
17,203,-3.543792183510959,0.5211505641927943,-0.12250605845474638,0.9739597182465323,0.010762484581967368,-0.0021331264397691737,-0.22645548333027937
660,204,-1.0907163046326787,-1.2216199847071039,-0.06281352421575548,0.8336987138552824,-0.008150304411233909,0.004715194277972322,0.5521392885830289
204,285,4.559296535066096,-1.0992879173028314,-0.275024279343107,0.9670975343510316,-0.0030817968037265076,0.005449161854432559,0.2543288584012832
661,286,-2.5127565638760383,1.4412555488432162,-0.9876646380400309,0.9804280596977735,-0.0029102960580101155,-0.005547600464129833,-0.19677798165243054
662,288,0.8606792921491433,3.236607850441942,0.22255502381716497,-0.155163668455504,-0.007251913170386084,0.001347204827483497,0.987861240653743
165,287,1.9802939564688131,-3.039126858297095,-2.1662363324796843,0.7396853925963266,0.009119769867815219,-0.017421911132572986,0.6726654642462812
663,288,2.2845247072109487,-0.9422004979023768,-0.12128428424355775,-0.3845060756589512,-0.003263644160973594,0.0034338502381083247,0.9231103049368942
165,289,-2.0166705353185534,1.5397470622265246,-0.6948840728132382,0.9992505671245385,0.0007871437090117496,-0.0025201824407500347,0.03861778329390437
664,20,-0.3926993150253111,4.265217702046357,2.9760191534605838,0.42214843615138303,0.004148068650393105,0.001304958997015293,0.9065162924423529
20,290,3.8858266865026962,2.8302171705290675,0.6326855135848746,-0.039031633454309676,0.9990763295113129,0.0035542903531451285,-0.017617787039707563
207,290,0.009253669762983918,-1.5840954463928938,0.4675620004918528,0.8901490131666305,0.001374946077146899,0.004629110870977166,0.4556439566309455
290,477,-3.7547285547769462,13.635487644886856,0.8470456414158516,-0.0036998315750933434,0.042118128083302446,0.025660956998821365,0.9987761960614495
208,291,-2.684345046756789,-1.4998416434973478,-1.6741018371135397,0.7259700944349493,-0.009355363515555043,0.0024346803439622092,-0.6876583246723806
23,478,0.6717037199620588,-1.7349483879491316,-0.13911654204634294,-0.611242329818203,7.075347476479943e-05,0.0033364296885938366,0.791436464581519
211,292,-0.8392542747315019,-1.772434425947722,-0.7021366185431361,0.9991288505562604,-0.004996155891148747,0.00362293042020362,0.04127290621712285
669,26,-3.08022368907789,-2.93786050382867,1.4625531289515763,-0.06311608185595427,0.9952618287916644,-0.005801405549437312,-0.0737332764433758
26,481,2.10841765358005,-0.04390239384540906,-0.13939023833859165,0.5563791393380711,0.0007656119420515941,-0.00011184432990775779,0.8309281886171797
670,213,2.83291403381736,-0.2598417489680287,-0.07227622340769813,0.7978102063232412,0.0050532627699191555,0.00628353502617664,0.6028547556496676
213,482,-0.8969077053099568,9.777847004006617,-0.5751530771661493,0.9933585165282585,-0.00666447673439244,-0.012745277772115223,0.11415778679155424
27,483,1.384428929133719,-7.934047963004559,0.04487740310582922,0.4127787786008672,0.017042708765999812,-0.011169822357389034,0.910603350028539
672,29,7.032280807771031,-2.361302464649441,0.008866163693937779,0.7130983791488735,-0.011547578094592356,-0.0048050677698548375,0.700952399538746
29,296,1.0979336251039058,11.705223466240568,0.038069175789132714,-0.7024056441395913,-0.038956718216215054,-0.062171638182069215,0.707985432471902
297,484,0.7431784258727792,-0.023389428522498146,-0.1765626762242286,-0.5311806145501472,0.0013259935688094719,-0.003102684569124541,0.8472518927778492
673,301,-2.523939231003169,-12.439648820654838,-1.4666662114905193,0.13527300344519763,-0.6301506372901292,0.763921722729381,0.032171266744323655
30,300,4.165216957917437,4.882927427675895,-0.9285965031731394,-0.17771903352199625,0.01961370125150518,-0.0031791552174557985,0.9838806537478658
31,299,-0.8934695020761865,2.553387223451864,-0.043333510662250774,-0.09129964465242324,-0.0032015484590397774,0.018260450011112612,0.9956508830605221
32,298,1.4915134547045454,-1.0005013016052544,0.07246329323970713,0.9895796829681072,-0.026116802283045956,-0.004691896946982613,0.14152013919682166
216,300,-4.877280964876263,4.2398176454080385,0.31319995571493564,-0.7065529336573683,0.001805936973022372,0.013875021550404,0.7075218542976549
217,485,-2.0032482937326677,-4.887050720260504,0.22651697622352174,0.9106323072210156,-0.0009526254953139781,-0.006941730016988991,-0.41315820932708897
218,487,-2.9442786762135356,-1.914222444727784,-0.20879316468926845,0.9901371359944605,-0.006846846751268695,0.0015186521519091566,0.13992593151340182
300,485,0.27746083645615727,1.5070252837613225,2.0217644666809065,0.05502980177495987,0.002249583983836279,0.9982892913292613,-0.019625267025688484
674,33,-1.939510092837736,1.546084347879514,3.0349758053853293,-0.0004974881208282139,0.00021977469643783833,0.9999981993925962,-0.0018180803662377846
674,302,-5.805810385849327,-2.3282674398296876,-1.2184455942151544,0.9999623248364647,-0.008253872621300935,-0.0025734315456113805,-0.000774560832877445
31,303,-3.602558965775631,-5.818483411023296,-0.4501212166473802,0.9811882711449817,0.012767783247356586,-0.02336978135582928,0.19120777598688543
33,219,-0.24770215642638505,0.20191539311781526,-0.16807832223662444,0.7099857598228375,-0.01651156466248361,0.010549497722732944,0.7039433906067892
33,488,3.0616486526729334,1.3630307753226933,1.0214731818253824,0.8860685653374306,-0.004492744253378885,-0.006430791867068799,-0.4634878182713152
34,302,-1.3045227816328406,-0.8496768989716657,-0.144128028439809,0.582763754811512,-0.014411318718528144,-0.013270248491659463,0.8124054532533311
218,303,1.5317256318048749,4.812211767304689,0.3136244474126215,-0.12158986485475197,0.05618213850531938,0.06433028327033652,0.9888989264489726
219,489,-2.0028337963674403,-3.323146540723819,0.5953805241548631,0.896129435334626,-0.022379151262947993,-0.0523900650724277,0.4401209944973102
221,299,-2.1487176791997626,0.7428752497944515,0.793772206758149,0.6912150293322532,0.003897008456471579,0.015861752943155318,0.7224645329314601
300,489,6.0247542479482945,-1.0711132395081222,-2.2158091628671173,0.3018746454109437,0.04108101383384202,-0.06511576343204284,0.950233648169261
675,32,-0.15654859914502595,1.7838298622518778,-0.16411186032928526,0.354346403862311,-0.001053178658244085,0.005552582152202363,0.9350971530894556
675,487,-4.05404466872622,4.344608125951453,-4.462524784545758,0.9024790791089189,0.008994808312019351,-0.012692731859868613,-0.4304526684225353
676,489,4.17242793738842,8.07993365265429,-16.3994576541063,-0.05427805038735646,-0.00660185017408562,0.9975883527151013,-0.04275262971557758
678,36,-2.9092349602191803,-5.510918559495401,2.0092535560753246,0.8105769292717805,0.0007602498507567075,-0.009414004303701694,0.5855560095118701
33,490,0.0715416562743485,0.8598391914274544,0.05261185968083737,-0.4548833654420759,-0.04264371545789963,-0.01512967006960009,0.8894007704402003
35,490,-3.745748736897378,0.05963340077797241,0.05084860284820117,0.7885814444667316,-0.00188860458036034,0.0032240139474375195,0.6149189738083943
222,303,-3.1971447825437282,2.885438700928273,0.2522902403588456,0.9572708372909039,-0.007218134792049878,-0.007184925175391927,0.2890135281482853
679,36,-0.5225169259130911,-2.374745694633372,2.196392531268262,0.7826075168092675,0.00563494798065985,-0.0007437647416232256,0.6224894929305202
35,491,-6.478563739865498,2.00812189338909,0.12107337093862713,0.2669977243529096,-0.008137759053636211,0.025592458342204197,0.9633229044011957
223,491,-0.6804697325696774,-1.798418292045569,0.1118296256511247,-0.22237675988108718,-0.0029745520452406746,0.0017346207935811362,0.9749547270492215
680,306,1.1901285727853974,-2.5923259386088375,-0.3234483911906172,0.8100162714460407,0.0028085149820332757,0.005256326969526104,-0.5863771169333257
37,306,-0.8521674401006898,-0.12338379758924406,0.019305354695551807,-0.10204257045541357,0.000544799098881342,0.0007387286979721925,0.9947796094053721
224,492,1.1911311881232254,-0.9814629534831125,-0.051451882007196525,0.7185197116350601,0.0014457431605020535,-0.00027985854699602987,0.6955050362849844
681,307,-12.733375078765675,-5.8913413502741605,28.472158630844206,0.9053084747630078,-0.2639529309869847,-0.30615624970703076,-0.13043682958038638
38,492,2.987516499226331,0.9402604584174696,3.1324469572282396,0.04688173242175707,0.9907716562254614,0.012709681233792824,-0.12653889674059282
307,493,-1.4993729878915474,0.2736202499040701,-0.26245371253492067,-0.2716516718014519,-0.003802730135032041,0.0019405640782632436,0.9623861712753641
38,494,0.3901786361625881,-2.754438643984031,-0.2724116132982317,0.8556531715907812,0.0025713467932207278,-0.0021468789206563793,-0.5175388188659921
307,494,2.582610962621402,-0.3100826305044393,-0.06287300194446743,0.9839548902038527,-0.0009735206937810169,-0.003811391778890164,0.1783740440593607
39,227,-0.473317651078105,-0.13546181434139726,0.026410336779917998,0.9138066366983014,0.0003353072685483467,0.000846766429510869,-0.4061484965893485
40,309,4.759193719998698,-3.9877419676249395,-0.8981091219290951,0.9787703524853544,-0.036664333286716325,0.009353199211726358,-0.20143694155948969
685,497,0.8399997334345244,-0.9770361138507724,-0.2964035945502985,0.6137547077973524,-0.009090349685080785,0.0058821185361325615,0.7894225262055272
42,310,-0.4341198363690637,0.3413212273735553,-0.6424908907993085,0.9915682599171521,-0.008208139576130716,-0.008229036474590012,-0.12906314473260688
686,43,-1.2794958747309337,0.26360228933639096,-0.20767096897245452,-0.6625565447124042,-0.014750380568925678,0.007491075905164656,0.7488291761901474
42,230,4.837334260729657,-6.154865273904225,3.741050826502368,0.14929854144851248,0.7522852641307591,0.6346575886037958,-0.09479753224992585
44,311,-1.467386033211369,1.9961450103437528,-0.34493096177357074,0.9277211928989288,0.005045398595647091,0.014563088786182182,-0.3729555585377503
687,230,2.848663261747788,-0.9568931193920207,-0.012971695845876319,-0.644926665671529,0.002592448795369786,-0.001605849464985071,0.7642383766617211
688,231,-3.271365270149545,-0.5993897400276182,-0.11693191851918527,0.3821415007434511,0.003698086233276199,-0.010519820879469243,0.9240365419919377
231,313,0.8945596036501229,-0.42120028007775545,-0.03424397461481021,-0.31055059828192727,-0.010501508577638796,-0.005477605490879052,0.9504830561679767
689,233,-0.6126403280068189,1.0741939502768219,-0.35105195493679275,0.9977780886274868,-9.22264970068715e-07,0.0024668677430203837,0.066579279190803
690,47,-2.1369029284687713,1.975534803350456,-0.02099567064169605,0.9291006257465004,0.001990124316249617,-0.017971467428160807,0.369384749280673
46,502,-1.0553701999597251,0.6844420765992254,0.1285875316370948,0.7915811171491727,-0.004467089465136596,0.006464225922309292,0.6110135791189943
234,502,1.49932000041008,-0.5636987920152023,0.10790739405729255,0.5588268195512768,-0.006032218029373036,0.001220115484374198,0.8292615446371884
691,503,0.23441014973320762,-0.2874669778105764,-0.10705502892913366,0.9998976801283567,0.0009095756752732926,-0.002855648725836572,0.013987394910276034
234,317,0.5707029215991497,0.09477222105488181,-0.2959624859449832,0.8021103690194762,0.015146919566235251,-0.007868145266388677,-0.5969318378417764
692,236,-2.9490637417141032,0.8122403021921127,-1.2191410674510834,0.6567115515778894,-0.0007188164199521338,0.0019040054891817251,0.7541391092432569
236,504,8.031585793942213,-0.8217564464066527,0.7860346806901362,0.07057672494097354,-0.00933159070410862,0.9942316697936195,0.08021991081351337
236,319,1.8021961545240401,3.1581521073956615,-0.40147440882582686,-0.16951451526040998,-0.02529733395656592,0.02550614663017464,0.9848727382229636
694,238,-1.0756213839048467,-0.731443840544773,-0.07447879499841675,0.9348640071056732,-0.0026999301219024757,0.00015069401506577127,0.3549957406603277
320,506,-1.3099348473505983,4.071962888782178,-3.199902206535378,-0.602147502771301,-0.0023022564203224265,0.003763520855216339,0.7983726701437328
239,507,1.8578830051264958,-0.524128184762958,-0.3163766559578107,0.3423059013168565,0.009797524210488068,0.003537408728326488,0.9395308218374148
697,509,-0.28817028327366856,0.7952447482199574,0.7592723834073682,0.7780387493030058,-0.004363397156141278,-0.004143835043391638,-0.6281874672256726
698,322,-0.3858622097635589,-3.6185796597928856,-0.12651402191852412,0.6471731457521417,0.007327726567461141,-0.010580554157910912,0.7622343968323267
699,510,2.4043815265044977,2.4985692897817513,-0.4845367784326673,0.7903202519242069,0.0018201274973074755,-0.00505463561100636,0.612670414817944
700,326,5.8912680505869375,0.13757828436009412,-0.22658828444759527,0.8922536499726333,-0.009606952071260258,-0.008074547181675483,-0.451360091579024
702,59,-3.427085344516854,-1.7270614905282855,-0.03572301711210457,0.017133791359682085,-0.0004294030604654952,0.9998381063957792,0.005478120622719829
59,327,-2.543281841345779,-3.6861496070417914,-1.05239116811072,0.9716879720013063,0.01359054654574438,-0.0007644322738977854,-0.23587538607467107
246,327,-3.071556267264338,-0.3411439665622851,-0.5094280710177763,0.9312451451523888,0.04067452164849683,0.03529027301360001,-0.3603923688834128
328,515,-1.1705623232230664,1.8856915200376534,0.17387975569948821,-0.5216598291336185,-0.005274936269371366,0.008937937377055742,0.853090447133879
247,328,0.49089827846071543,-2.162507959721019,0.08985871504682863,0.9937748320328189,-0.0005214004997256708,-0.003571362487272466,-0.1113488065928233
60,330,-0.14209177740849555,2.485037834616378,-1.2318857788595778,0.9992527512768105,0.01305807481763382,-0.036372667542729734,0.0006743912870472504
705,330,2.0073321744134063,0.46338391982096816,-0.48553571512736227,0.8760564003101559,0.00521882970560881,0.0028177073011971224,0.48217217652792926
62,330,-2.246673795726188,2.7509784740486056,-0.17118849394126592,-0.041785334982707804,-0.0037578745869608853,-0.0012986767999542703,0.9991187004543258
249,517,-0.5683663388401377,-0.3370858223768458,-0.11267616811743864,0.9406081291277869,0.003505515881091371,0.0025918383994894896,-0.3394662592229794
706,332,-3.389463009661995,-0.28073240342200734,-0.4608364354119203,0.4694995002107987,0.003292944467743557,0.00026476540644557607,0.8829265573748601
63,517,2.95212992047891,2.9516753854695708,0.4008931014391237,0.5413683112256935,-0.0039903269876664085,0.00319407295402797,0.8407700201536307
332,518,-1.5978172178542316,-1.9108314487607139,-1.1521396133152133,0.027592579290632017,-0.004121881658994986,0.00245069660177963,0.999607749942869
63,333,-1.7266682898625731,-2.077832840033807,-0.05046969015074865,0.933455073612968,-0.026623189505529707,-0.0022615770296859974,0.35769780065874035
251,332,1.6568423561984673,-3.640330241556512,0.5847103700766638,0.9959230447695966,0.014598872153593625,-0.013565953298878889,0.08797799008724627
708,252,-0.5415742254272118,2.6340168580827594,-0.19422719331208782,-0.6116385293085236,0.005279969870258415,0.005929229792905211,0.7910975133430381
65,333,-2.306900399213191,2.583155019208789,1.0235860315829086,0.6071676770888712,0.0045171614757575865,0.02467841966846527,0.7941775511517392
709,252,-2.698079756970401,-0.6230643601847987,0.005279182591152676,0.33422927337323005,0.0014634491414315983,0.01054735929606474,0.9424316443906651
66,252,-2.7382605467445025,1.5548178784001827,0.06091148522066556,0.687269882435206,-0.006540265532680623,0.012750664405065346,0.7262608031427069
253,335,-0.3442217516324495,0.4543690254322783,0.007821795184075775,-0.2762212678650633,-0.00038958715815702886,0.005737607204239449,0.9610768643893335
710,254,2.751594539222424,0.4795413805208284,0.7418919674429603,0.6216022972560569,0.0033344264129553628,0.00048826713501673474,0.7833257478480418
711,336,-2.2164449548472476,1.9298807666405082,-0.0966342062407648,0.889193293621341,-0.00016974147469513829,0.000771564567028768,0.4575310508094312
68,336,9.635592877744784,1.7755141006637132,-3.3072746172994414,-0.06011690434916105,0.9369348563321286,0.32133838751484944,0.12361502137978299
337,522,-0.54372370056808,-2.6235429868102074,4.687594716982858,-0.01206626390324983,-0.007670314625988421,0.9981777829304467,0.058623248059227244
256,337,0.7912338088444812,2.3213180042803288,-0.16583633235495654,0.950290428518944,0.0003366499253790386,-0.006737614728045167,-0.3112918127414953
713,257,-1.8518463389627868,-0.4558013198657136,-0.22527448785422166,0.7693487800209275,0.004461272067859139,0.0014788181277060966,-0.6388116818192917
70,257,-0.03495046775788069,0.5076168241794221,1.3001982923533433,-0.692210142150868,0.0037616100572175778,0.023676877697522393,0.7212977019620602
339,525,-6.296193640705383,3.6390012346964795,-2.1775450538464014,0.10922726844864787,0.017296013755522404,0.00411947003197622,0.9938577774018129
70,526,-9.832978981081396,2.366079132305458,-11.524312423325341,0.08125089258870166,0.9548409227301138,-0.28459007735836506,0.02618382329996542
258,526,-1.4949175800082513,-2.2207689069436665,-0.05443808989221899,0.7035073280042341,-0.012460947991902189,-0.0015002620380160764,0.710577169231677
715,527,-0.13368733558309032,2.687587238931883,1.2755156886979933,-0.024195356084382367,0.002922379522975926,-0.016405752866967195,0.9995683546985377
258,341,2.948757106438279,-0.5494281414430588,0.30880124080067617,-0.3510028662103369,-0.0032106575000849027,0.022137091247228725,0.9361071673594094
716,259,-1.6736692815138667,-3.17553383338236,-0.9771761062975202,-0.012881435601146496,0.9995357193540749,-0.0012518842997048711,0.027583457685461863
259,528,3.5070956711748096,-0.13389789787943318,-0.7336704225543036,0.9986611457108233,0.007743586513009708,-0.0007173664818018763,0.051141356071110214
717,342,-1.026310155427588,-2.6083412887252972,-0.0410500375533116,0.9904322534743629,-0.008957760087016715,-0.0023117902258239674,0.13768938026540295
720,264,0.8280089125096683,-1.7195454905746503,-0.44045269932110903,-0.68354779073595,-0.013371648932522028,-0.006696949964017651,0.7297525386362195
721,347,0.7611287166776037,-3.1012385112117045,-0.2264167806114301,0.8036234830822925,0.0033858052259218975,-0.0022142025732736176,-0.5951242988390081
264,532,-0.87738339214593,-0.8646920225610302,-0.4055060433604467,-0.08755159622792422,-0.00504163246227824,-0.0021694485496126592,0.9961448656862356
722,79,-0.07214094831520868,0.7489728706299408,-1.3695948045639241,0.4408929144203156,0.0015670908779453693,-0.0004237554824106229,0.8975582447236679
79,348,-2.2301275333640933,-4.353364290741624,0.037856008150134096,0.4659042824249277,0.0009925881406923735,0.002653780130532874,0.8848305893434714
348,533,10.204338686864787,0.6459544809323035,-4.045264735894997,-0.03070281945962596,-0.0024011886629349273,0.0026642444951565157,0.9995221223022053
80,349,0.38260503943490387,0.6347504004234121,-0.09455054751413547,0.07178074653758292,-0.0017246275072109933,0.000999722949634213,0.9974184431022382
724,267,0.3885236944258761,0.6116573789987694,0.4069489327869604,-0.5005766642199551,0.001749215647463817,-0.0001594030237888219,0.8656904285445907
725,82,-1.6783143760277532,-0.4508632629953935,0.03872957316882131,0.9510715212143799,-0.002984636978034658,0.002715091719303173,-0.3089444638669393
81,351,3.890365494415164,1.08547350592562,-8.997414177985775,-0.4844215729035203,-0.005259910026024071,-0.015003465108619336,0.8746902132109011
82,538,1.2860344302181528,5.101538736608994,-1.4437406954148955,0.010125004647212867,0.0004019540815808223,0.016482524124393647,0.9998128070355466
84,536,-8.243792946625035,3.0914946613584107,5.099567359073262,0.06094215850541168,0.9638365978472409,-0.259062810267048,0.013839302854432857
352,537,5.1843570564008905,7.763857562681192,-1.4043570945619581,0.9861746316790853,-0.07567794636639279,-0.0028622449885752185,-0.14739149168120697
726,539,1.8483812789363945,-1.2934106036719761,-0.531302997227364,-0.45434443533613106,-0.012738164540512265,-0.021086602923237517,0.8904853892234217
85,538,-0.9597505051642656,-0.7476506183284073,-0.9724628556796233,0.8975825315125064,-0.012684553504174698,-0.023851975314938167,-0.4400179365657446
727,352,-2.5990787517455534,-0.24914781292094468,-0.09148429147914072,0.7230631352187954,-0.0039414438180712386,-0.0007719881716356292,0.6907702740726889
728,353,0.9517983030154317,-1.6288632694830625,-0.23698799702443515,0.857176382362474,0.011828142171588424,0.0016753114518119143,-0.5148843927565584
729,87,2.758297580294311,0.7061610713426489,-0.13400273819274844,0.8185514960998486,0.02085750876183961,0.0025210047982987013,-0.5740488281459655
730,543,-2.216746923879623,-0.8977271750105871,-0.23585282291824772,-0.4524999941515154,0.007065782028448426,0.003058027213677551,0.8917311694040785
731,543,-0.36657559066497925,-0.455202687648125,0.4179949811841652,0.49939255336295346,0.0057979887031705864,5.0889762991533256e-05,0.8663564268722543
89,358,2.477475174313497,0.5191391512505845,-0.23723232192407284,0.9959839254470659,0.0010358188055530906,-0.0001613452278237067,-0.08952609283428428
90,359,-2.7244364219368435,1.646241433700368,0.8292901163458737,-0.34869857263228593,-0.0025436278966009065,-0.0033228760647430584,0.9372255832487654
735,92,-0.09874040052414695,0.570384551772495,0.2205224022426196,-0.3584152078201165,-0.001583413219301014,0.0052887703250470135,0.933545960579493
736,548,-0.9859791971498453,-1.1199802193732467,0.9769290906742754,0.7383263587480028,-0.0013240864540088873,0.0036252986943185626,0.6744325703747965
361,548,1.3908423339954012,1.2716922674843048,-0.08415878566308077,-0.13387836220211308,0.0011835301244199623,-0.0007322924017786455,0.9909967947164928
737,549,-4.0165518038994605,0.4892473440435221,-1.3604947759646664,0.9073812372390094,-0.004924500162246777,0.005609066249224301,-0.42024228485549636
738,95,-3.2228220057120325,-3.6054305355673932,-0.3352371637988938,0.1433699957399823,-0.01031779296568644,0.011346573354787759,0.9895503235020132
362,550,-6.519694488495588,-2.277870824560523,-0.04918233624721324,0.816940591234191,-0.01700317010902959,-0.03185580648239778,0.5755902797941691
96,552,0.022449681840953417,-0.3076217477209866,0.01737471501883192,0.9422654198162,-0.013339746533442751,-0.0040615269571049675,-0.3345764991445165
97,366,0.6436050081815462,-0.5513674259379648,0.08942223275625828,-0.020486630834756634,-0.006103575684889348,0.9992820663248185,-0.031279326119662595
367,553,2.014253355562687,-0.19790936245772173,0.23993006820637675,0.9718338558051208,0.00185592139836544,0.0036723037657873914,0.23563112369075195
99,367,0.3259510519565083,-2.4276966834731866,-1.2408744231106539,0.8965876621119848,-0.020454920489547525,0.0028322138209493147,-0.4423846052262713
368,554,1.5136230203061132,2.797668408107711,-2.1086395891361462,0.004626219030269275,-0.036008783466161855,0.08621510672665678,0.9956148457023339
100,369,2.0532047915030467,-3.9362801433334553,0.15558015990093566,-0.024167072427574772,0.9996709128769828,-0.00042551621981768665,0.008592874602061717
744,102,1.3615348515894499,-0.669180787234141,-0.13660132632493205,0.9764644833765301,-0.010690591868057372,-0.0004564953038594889,-0.2154126634201301
102,370,-0.9932230125861459,0.05804701606647411,-0.11042262805796055,0.9439382025162414,-0.003586033237257097,-0.005323054865709012,-0.3300598056154752
745,370,-4.2374509863876595,-13.147514999523167,-5.738491010896834,0.9887869021093367,-0.13450991421156147,-0.06366738192244925,0.01241006345511817
371,558,-0.5426410338799343,1.5853723160891775,-0.03897660833715102,0.9730106475036389,0.00702103748325466,0.011819563215969182,0.2303503479541368
103,558,-2.588906411008793,-5.4436483645113185,9.196011756182997,0.023452395852520375,0.8847610878734243,-0.4648278048273975,-0.02414361971938122
747,559,0.9244255806341659,-0.5032152165795605,0.18459560733698327,-0.5820656686723381,0.0077396781259631104,0.004259394862563586,0.8130937905868764
373,560,0.42803229962649425,1.0191285181655125,-0.03846741185613212,0.779275426405051,0.011527325338550366,-0.0023933610871949757,0.6265709875141615
374,560,6.443640858163729,-0.5799500365506214,0.7786285301900395,-0.5537951096577448,0.007698775944020928,0.007741203886907657,0.8325813948981272
750,107,-1.963227858996106,-2.980148791019019,2.8861985604926303,-0.006411057217967113,0.002242575789031365,0.9989947956887769,0.044308773238684915
375,562,-0.6347736285297287,1.0806667260421818,3.0351610427196647,-0.0018472090584715974,0.9998354292324367,0.00025043225177949887,-0.018045485695056564
108,376,3.268744786724924,-1.2944787782057308,0.25870264222109807,-0.3263157321948603,0.011941571701883385,-0.004007886081300465,0.9451769033554408
752,378,4.477651432878616,-2.108140763290894,-3.762400291831587,0.3351633588569394,0.015247488522002514,-0.0317497930484457,0.9415014538570223
753,110,1.3443747929666525,-0.3680073216035934,-0.04949434859598867,0.398065546569733,0.0001851110085665423,-0.004623591999328915,0.9173453050869547
379,565,-0.28107062018168905,-4.245618680036262,-0.1720040532097098,0.9967487731832293,-0.00022181021509853473,-0.010501895996269859,0.07988456758623316
110,567,-6.7740901489593135,-3.586152956670631,0.7040754990695697,0.12092406028984479,-0.006654248685617474,-0.01678780065383076,0.9924974873351847
380,567,2.2953848225078772,0.23916835284821927,-0.12889735096905253,0.9879595744951258,-0.007032361358338961,-0.006137459869708223,-0.1544304265469835
112,566,-1.2401711810662894,-6.289449474266608,0.6889283270113931,0.8677304849823925,0.016086719994839942,0.007122525214834031,-0.49672355743068375
113,381,5.001590728778773,2.94934837868054,-3.662148290630956,-0.6100617156975701,0.008532640066648518,0.02413707080738449,0.7919402116993868
382,568,5.821641038632958,0.9545661944809,-3.2124582810480415,0.16951967439381196,0.011277417991353922,-0.0009591401231725068,0.985461810466082
114,570,-0.5348986073804554,0.6374191322829574,-0.6937750667857472,0.9991088448173259,-0.031399431978560446,-0.026342702178968936,0.010082356922993717
759,116,2.7404870260701735,-1.7583016673963083,-0.042808701224825496,0.8570803494875694,0.007212342854729822,0.0047198822630867675,0.5151106476711915
115,385,-6.428645644336939,5.1085267923772335,-0.1541217921912903,0.9999959330705103,-0.0021437130705581,0.0018803946146060413,-4.9525790704137824e-05
117,383,-0.7562736034924455,-9.635526490281336,-0.10937237142388767,0.9999106187151061,-0.006954292793775532,-0.011417563186599507,-0.0001778858964896186
384,572,-6.076541244351,-0.1053662207537035,0.026852240268858907,-0.4106215345946422,-0.007983269224064258,-0.016181134853903156,0.9116273326389885
760,118,3.2518253386707023,-3.3210136621566924,-1.9152731579744222,0.9003638886562855,0.008500880494217674,0.002162209164434824,0.43504933959964187
115,387,8.896074941590015,-2.3607923963785877,5.695313158644466,-0.25343588200432277,0.01601189876123803,-0.020572986058220277,0.9670008402557875
118,385,-2.2891480869268,1.6686390823868809,-1.6284545199750131,0.9953991587008333,-0.00487091988168518,0.020357435219406864,0.09350060870639909
119,387,-0.881286366933919,-2.5783638638238795,-0.25418372149891866,-0.45706973388299504,0.05434700334286644,-0.03083214300028694,0.887233363075233
386,574,4.053124602622837,-1.3334737779306778,-0.17347778122166613,-0.26700763270805444,0.006395176918987528,0.016674098749336175,0.9635289306599532
761,388,-5.826375883247238,2.799943530932069,3.8863807567759068,0.9999952655505053,-0.0001187993119900833,0.0030744881313005097,-4.781242836087101e-05
762,388,10.082512502063764,-2.351545832294505,7.709416735691775,0.5636649943271632,-0.003334589276231455,0.003863246450493,0.8259877299399676
120,388,0.4876057548681274,1.8342833053320646,0.46957327062500553,-0.07717963322905295,0.9912385360942514,0.009352497285613682,0.10678014595830466
121,577,-1.9545596983681577,-3.686782314165093,0.7111174457378855,-0.01513342696144,0.9998693542566203,-0.0009923004747312426,0.005591882207247393
765,578,6.644861322114362,-4.681205183161305,-5.09463435051642,-0.00043416065346475264,0.020567651173924867,-0.00365558669831432,0.9997816861273294
766,122,1.9466388716828078,3.6387068152265556,1.8945184966655688,0.7481682731424338,0.0033256235814611234,-0.001030459766909251,-0.6634998970938367
123,578,-2.0991211560030933,0.39816059364648027,-0.10422382950696374,-0.6330823910571766,-0.003328360564959449,-0.000389516848166906,0.7740771643873128
767,580,-4.771693647597264,-3.3248319950376892,0.2475316180011764,-0.03419223249010186,-0.003842146600587104,-0.006136121747130136,0.9993890519496134
768,124,2.040014855648593,3.484159624124999,-0.31356179093405423,0.48671707634294564,0.009008433091523492,0.004708430865978664,0.8735005245609135
769,125,0.42783243751886,3.139441535402014,-0.49088559715081836,0.8900302979863962,-0.004744831638915514,0.003729144963463051,0.4558614358736725
126,580,0.2801316165478056,4.260672874603188,2.7164675436411017,0.9999480388225167,0.007599700079973847,0.006793096703026821,-0.00013435356561484192
770,582,2.851743701270806,-0.8681529502891192,0.8819421363791914,0.9791988249574758,0.004267537943048022,-0.004187685680066321,-0.20281497136663304
771,127,0.49646208784906776,-3.02570881912834,-0.12872813170224617,0.9979677400967817,0.00641184964446501,-0.011416314948476301,0.06236141165221005
128,582,-1.3687247215057141,-4.173893884551944,0.32834910584369936,0.9301398827015397,0.0120359128890565,0.0035292679466932967,0.3669911166181729
128,398,0.1364653513301164,0.5800630948506296,0.65452061742144,0.9757968861785857,0.0023444535662129696,-0.005036816850865371,0.21860825907925555
773,585,-5.651618926621095,-6.549889778556434,1.080242200480239,0.9617852243137104,0.005239487684816306,0.005606289940220642,-0.27369745993292044
399,584,2.8157928702446497,-1.727045145133843,0.07670327108070296,0.9573638391629786,-0.0038405351154500084,0.0030822968391909403,0.288842914400448
130,586,-0.8557121341800666,5.057003491383512,2.7906225201988946,0.7799747187966518,0.0021999561036600054,-0.0006625595530837115,-0.6258068066472788
775,131,-2.03456745827134,-2.2806890019855928,-8.795535765182649,-0.7001944925138602,0.01931860597547678,0.0029171301417589275,0.7136847724788291
132,587,0.8608979673517752,-1.6520080339396372,0.043751044698638,-0.34958241265383816,0.0009491938742509211,-0.0008836752416203824,0.9369047202956008
132,401,-0.5493795922216549,2.5743028411301694,-0.030250412312503805,0.7052544756734481,0.003615712730275852,-0.002323010346220822,0.7089412209675449
777,134,-2.6343635885400403,2.7942905970588683,-0.976089561538429,0.34214913997810464,0.0010638065669110795,-0.0149203903623549,0.9395265915764527
778,590,-1.3446327247621115,0.7370003533518328,-0.29682524473773997,0.9987747487508977,-0.0077458700703144975,0.006538793687698096,-0.04843807316094189
135,591,-1.1335497186519206,0.4466356378979981,-0.3718950324657726,0.9920777310923006,-0.029312318581764696,0.01782214871407567,0.12085087697376128
780,592,-3.1626701875869223,-0.03328313258794878,-0.26310138087647006,0.8336341930659392,-0.010402247610492979,0.00038797432526526115,-0.5522188650090408
137,405,2.9420897736691014,-0.8927832507258273,0.4774184431269415,0.9445790081311044,-0.003314423977740129,-0.019997714747457804,-0.3276577534511184
138,591,4.8272848581857835,9.465648165176965,0.6085796115611501,0.9888026382413379,-0.01335467299433607,0.01927495913920021,0.1473752735921678
406,593,-2.7268758628894245,-2.4350899557260264,-0.1823963708837777,-0.3387168472585381,0.0009175801243550446,0.01366961231237755,0.9407886038474216
781,407,2.060219044637794,1.7299212038946727,-0.03435184351564047,0.24456943091119696,0.005170556031289914,0.0007393247069291848,0.9696177144695112
138,594,1.1945508832815008,-3.9915254264792566,0.14721276183555787,0.8272483429748569,0.007511645467532122,0.002909613558420109,-0.5617786827360615
407,594,-3.57524264835466,-3.125693389167884,0.48991525955112336,-0.41828710415455034,0.004659472436222679,0.018038970131122975,0.9081237709537312
782,408,-0.41232280549124933,-0.9862763500535623,0.4876671444846308,0.7811637053274553,0.00425564548866825,-0.002425667062680939,-0.624307032716961
139,409,1.570497555642864,-3.034161403711309,-0.20802749762570422,-0.33496937133018934,0.013273482477400993,-0.020239249356961964,0.9419181003245699
406,595,-0.14789727795869112,4.2033547074534,12.11315702542197,-0.00034233588382408335,-0.003960397301600765,0.009777648949076694,0.9999442962687395
783,409,1.2614724602268979,1.7834093286813206,0.2872271700843864,0.9476084087127061,-0.002372016200272217,0.0026004517512560514,-0.3194149572684537
784,596,0.6330312369497921,1.0739498678454635,0.3675461185310273,-0.25205235056017883,0.003921588846810593,-0.004401990791669456,0.9676956423354791
785,598,1.5416756423455809,-3.034662760437641,0.07517048880799848,0.9552811064792234,0.005873264222999394,-0.0022607154774120235,0.2956322065281923
411,597,2.5772262131795287,-2.7704107696481515,-0.20262774143577644,0.8536668717848445,-0.0032694309659017733,-0.002562504135915838,0.5208028575294021
143,411,-4.020548124797642,-0.3157458487480653,0.4291446080245578,-0.3780458172976375,-0.006869604287636443,0.013101122725312863,0.9256686929695899
787,599,-0.3547959567337563,2.6263823026998914,0.7263413671747283,0.8079073254298393,-0.0037052626069161497,-0.0012625413176706147,0.5892965556790899
788,600,-0.747908237981278,1.959349434384336,-0.26005717793556415,0.7637861668265097,-0.0005246352573686521,-0.0037636235299584823,-0.6454581715806521
789,146,-1.4569206408450324,2.6096160477468926,0.22275537382261135,0.8908265041415979,-0.0028223128775533234,-0.002680278584556044,0.4543269639539238
146,601,-1.8593411664300517,-3.485791691928424,2.077105408482466,0.9580805871920313,0.006836045420128887,0.009569151898217847,-0.2862573811462949
146,417,-4.257064902479226,5.493250709350937,1.140774302797528,0.959150219085107,-0.004035383493137661,0.06598052092947496,-0.2750657080897756
791,416,-6.662014452766673,-0.4862331098790178,0.29298948429853516,0.9797915101279451,0.020542853324891707,-0.013493464001420853,0.1985057034135678
792,604,-1.3192162991293443,1.3110997956758048,3.269576742765574,0.02109696062127709,0.9997477512994654,0.0006167243344138641,-0.007679301745733758
793,604,-3.2713710872340016,0.886758717475459,0.18851276444820542,-0.33647671798666046,-0.05532550051263961,-0.05852849476610299,0.9382413988661795
794,152,3.8103454426163808,-0.29341695772018284,-0.26905250794266067,-0.11145818413644841,0.007767015814640026,0.035487930617501336,0.9931049055537023
151,420,-1.3875369710149243,3.3448620471244794,-0.6321098322050602,0.6701019061249984,-0.002228633131016726,-0.01873690610233458,0.7420292426526893
795,152,0.6696045923427951,-0.4329933448065002,-0.12147674266432118,0.9564288762614583,0.006036231606826727,-0.0016339160763167882,0.2918984393234884
421,607,4.100145335833076,3.778362170618493,0.7523687388184044,-0.003619896476684777,0.9987108590130354,-0.0036085793088925264,-0.050502421667822754
155,610,2.3481598478439203,1.7972738958702106,0.06786593492337434,-0.3954425439465869,-0.0006797050923641805,0.0018721472139831656,0.9184885559999363
155,424,-3.539017725394503,-2.0934478041865083,-0.484756740224599,0.9978707233250067,0.007732468214367071,-0.005516799441304631,-0.06452746229370838
424,611,0.11425521412197459,0.170531139944397,0.03290724830632576,0.9825895494362716,-0.003538315580951747,0.003647163051652265,0.18572010085919347
156,425,2.053086705424009,2.9429171593887613,-1.0606508787856712,0.40477764232323443,0.0018190921076242262,0.008920276030818575,0.9143698266318075
800,157,0.4326764984192373,-0.006043164291003489,-0.14226686210355188,0.09195911446559232,0.001657721372501543,-0.0005085669718833449,0.9957612738935926
426,612,-0.35366346938099014,4.360801776841981,-0.6762897164189781,-0.5997944430786263,-0.001204532305562708,0.008758908787961902,0.8001052784920054
158,426,2.3703905664497995,-1.9956922965316473,-0.04815615745494485,-0.2430389686265933,-0.00011131330636967262,0.004438466923432768,0.9700063645923356
802,428,0.45018075220286846,-0.1594653342408492,-0.24341591318716382,0.3303032178250424,0.0018826355427573316,0.002227521233925707,0.9438703714636815
428,614,0.5902013113663998,-0.4540730198532401,-0.20223219415683502,0.989855998503224,-0.008856577991101231,0.00017726862079848695,-0.1417978555173138
804,161,0.17502968169602795,0.06247227702683711,-0.11689398888724334,0.1740637878118563,-0.005170206264914675,-0.0031680936241237235,0.984715710203994
161,616,2.9108842219685567,0.8203603838642906,-0.2807085245312112,0.9986929164281313,-0.0055242615066250144,-0.003906513847538387,-0.05066241566130692
805,617,2.7783489432031274,-1.9093932425485036,0.00914954375268806,0.13881462796718608,0.011097768504837534,0.004554542265626057,0.9902457244246478
430,618,-2.7137836346681357,3.4215277021404162,0.4640828654457323,0.9985775425767399,-0.0039008756946992324,0.0036881298968527943,0.05304783056900382
164,432,-2.8304234576412153,-1.2247025991253189,-0.2174184874291316,0.9651242575777463,-0.002244252768939223,0.004079915148559785,0.2617508071752477
433,620,-0.4371265719260754,0.0849025045750682,-0.4429418264239872,-0.158747741262085,0.003455594434001334,-0.0082862861856244,0.9872783553651644
809,286,-1.497980262252895,0.21530034678289667,-0.8484709189560817,-0.002392870911586991,-0.0462391498539806,-0.05002088858656669,0.9976743586434362
167,286,-0.9519517294320394,0.4211303679039702,21.70134071668508,0.10560779306319061,-0.6051648099234758,0.7881731544627641,0.03749167185951196
435,621,1.1431373003870249,0.5311285825446248,0.2499118938430911,0.9619640712342278,0.009800235164698948,0.007655616043792187,0.2728927858851829
167,622,-0.11375584837886699,0.5730754513900038,0.13748258435693383,0.973330791042382,-0.0004458655776565753,-0.0036166419231942843,0.22937718350763886
168,623,0.05559265075191472,-0.7655461142352458,0.058304562974439644,0.831203482940629,0.0021826616299254415,-0.004127778607221214,-0.5559487093063051
16,168,0.6644242949550971,-2.718581838944374,-0.16431096484620866,0.8453135362883935,0.002680105396941813,-0.01076580529479265,0.5341553517835674
169,437,-1.6726125911442864,1.2420354323594438,-0.3844400932100598,0.9739370049181164,-0.03219257393903468,0.0035992858653619833,-0.22449363860824223
813,625,-1.6558450826392406,-2.5706475562643303,0.17453991779381167,0.8439874819377555,0.01820279927253689,-0.006448909622211378,-0.5360151117232564
814,282,-0.7687585386406548,-4.451874226596601,-0.30500444959494,0.995070897419339,0.0026214670524191035,-0.03797508108526508,0.09156926469144597
171,200,2.8661726901001363,1.3840407733718862,-0.4441171984376878,-0.6310528082434005,0.019371861982021826,-0.02316509695033678,0.775151896375639
282,438,8.975040861871094,10.141498679411598,-1.3222229189086647,0.9656056852325167,0.0049950300316450955,0.013871665471725933,0.2595925407608343
815,198,-0.029842677105989424,1.001403947826475,-2.194763805186085,-0.628860069773513,-0.03614937935280957,0.024484466270890484,0.776291662925919
172,628,3.711229277637259,0.1035727097223087,-0.016678498572229472,0.9722126718402649,-0.000578982022017546,0.00535602622485779,0.23403738691950507
198,440,-4.186075359584205,0.41840233697054163,2.160136016591117,0.09943250662919635,-0.026080570349903378,0.0148844719380516,0.9945910883226251
281,628,2.9563668428528924,2.4200568607757464,-1.3705777114555513,0.9026236410652336,-0.02249475210062798,0.0015858986444579463,0.4298395440668076
816,12,0.6570496993372217,3.9813593052967917,-1.2045547013351268,0.8711624167420189,-0.017231604948803304,0.028373059690056976,0.48987149838597244
12,173,-5.555990989629022,-0.000977020086632585,-0.04486358256603844,0.8817999310447805,0.026118877884345314,-0.0006957882619366216,-0.47089935411526895
279,628,2.7902414835989475,-2.146147228675545,-2.0609829479508335,-0.3802477997169354,-0.00893871725973218,-0.008905854613615054,0.9247985704453598
817,198,-1.7821330047445372,4.508017831656616,-0.7943593830368627,-0.24651009128841064,-0.031410990828314105,0.05861316782078809,0.9668560498368798
10,174,3.614965105894953,-2.1896136815776117,2.6495295598215307,-0.10950960542646114,0.022924402683944578,0.990789719174684,-0.0762748350288376
11,173,-4.6465763885505815,2.075266974580264,3.490761539650749,-0.10565362547715824,-0.012045136167392324,0.9911909307239626,-0.07894786234475255
198,279,3.1194869513356878,2.9996086372704767,0.017950748560238594,-0.19038940785650432,-0.006141862659755268,0.0010978392862325027,0.9816888232265966
443,466,4.3996002955245785,2.9481434934823483,0.6297295221688728,0.8449828088912424,-0.029321043574063968,0.013317266234076834,0.5338229851758395
818,278,-0.16691925792782847,-2.1718249017066,-0.26450926641694394,0.4709699249608187,-0.04569495946238496,-0.026320907610127738,0.880571695141691
9,442,6.438980556858972,-3.1095410871649682,0.009395640885582535,0.548208739061987,-0.002733718282051694,-0.025791080842172975,0.8359393072163871
175,631,2.942720995122798,0.390787993254893,-0.10525515381997108,0.926597735037509,-0.0009819524786455404,0.003125303481034751,-0.3760397660764611
443,631,-2.1684614265104756,0.5351097421698796,-0.19713217460844135,0.5131098039863772,-0.0018711106079736066,0.0006946018015096763,0.8583206542583557
820,176,0.18722179026558416,1.375706527749756,-0.35118850955784353,0.8367884733207651,0.02455202778864357,-0.011391658369792947,0.5468569090434487
821,193,-1.8877253783866763,-2.3340480423066765,0.37679823529447276,0.606120551385911,-0.01817517603109467,-0.01025807386065599,0.7950989322622357
178,445,-0.7754615865997039,-5.586244345642626,0.005814484669826925,0.9996085246713363,-0.027519633597553717,0.0050031612548110714,-0.0006599609906193096
822,446,0.21816129417857155,4.447120095603168,0.4234692826285027,-0.24158816870149594,-0.6269447578683477,0.6786412930980688,0.2966840451170866
823,447,-1.3120848285486222,6.628328576910018,-3.1258543083300614,-0.03129179548357099,0.9924719512500432,0.012792240729019603,0.11771409471459753
824,182,-3.052004009403136,3.245812478839528,-0.48633457957842713,-0.3033161075374449,0.003271857657137969,-0.02006977728811914,0.9526729963084971
181,450,1.2015404058736974,-1.30715850426993,-0.25110683314433424,-0.5502172598338463,-0.04285366351823879,0.001830598609297754,0.8339191683926751
825,182,-0.27822962071929513,4.01776292622834,-0.15133005687808465,0.9666097720385607,-0.023705749750827353,-0.018215327793552415,-0.25450302132133207
183,451,-0.25097569508943707,-4.777521215844899,-0.005017625368850531,-0.18343765119152453,0.009125694544895735,0.01558086114946631,0.9828654977107758
826,639,-1.3366819984109384,3.9949968023854296,-0.5915018553240879,-0.5432079001090219,-0.00468065082091062,0.008187974437678755,0.8395452494306948
184,639,-1.6327484645255477,-2.340672277066198,0.22052661052475517,0.9440102993719587,0.016073787707105266,0.005931620530290972,-0.3294707937075704
827,268,5.516927261138335,-2.5945599469268927,0.6333407224274197,-0.14550000846628772,0.029302603934267157,-0.03207857885713902,0.9884037989189884
185,454,0.5168777795471726,-5.340908674786988,0.8448470153896324,0.7092591608544455,-0.009207112508259074,-0.03843738237294539,0.7038389300540457
268,639,3.648216881832923,-7.221565080923028,0.2956961521122139,0.19049049497144102,-0.04142726342052232,0.9684570840975663,-0.15520318757120152
